Multiple size <= 100
TEST 1 ARG:7 86 69 24 49 20 92 17 34 73 53 83 41 68 5 76 40 10 79 8 19 84 21 87 48 15 54 77 47 13 62 45 2 56 22 91 72 55 12 80 66 3 4 94 32 93 71 27 95 61 35 60 29 43 31 46 39 99 90 6 75 59 85 0 23 97 25 70 89 30 18 11 38 26 51 96 36 33 16 1 63 64 42 58 57 9 74 44 50 28 78 65 14 81 52 37 67 98 82 88
TEST 2 ARG:21 83 97 36 62 56 29 25 68 6 26 14 69 60 22 93 44 61 2 10 73 47 51 53 13 16 19 32 24 90 17 92 65 12 96 58 42 46 71 89 67 81 84 80 7 5 27 88 20 28 66 40 39 86 30 9 64 48 34 33 0 11 50 94 54 49 77 3 35 98 23 72 52 78 38 79 15 8 82 57 31 63 70 4 43 74 59 99 55 18 75 41 85 1 87 91 37 76 95 45
TEST 3 ARG:95 15 8 57 19 99 0 82 17 83 97 40 39 56 70 68 16 93 69 55 88 13 81 43 71 87 50 14 30 41 52 62 63 86 74 67 51 64 11 96 60 4 61 85 18 6 9 12 23 76 44 58 89 84 26 22 79 20 91 32 98 10 25 66 31 7 54 21 38 28 45 48 29 2 46 33 65 5 92 49 90 27 3 80 75 72 35 36 1 53 94 78 59 73 37 24 42 77 34 47
TEST 4 ARG:4 28 68 2 97 73 9 23 58 55 77 80 42 17 93 92 39 70 19 30 21 11 33 38 36 22 32 95 56 51 63 75 16 65 13 31 62 15 83 49 60 43 89 12 20 59 81 96 88 41 99 91 66 44 71 6 3 64 82 53 29 18 7 87 78 0 98 76 25 45 8 48 79 35 90 86 24 50 74 57 85 46 37 26 1 34 84 10 52 27 67 47 61 40 14 72 54 94 69 5
TEST 5 ARG:42 67 22 45 55 48 10 53 36 75 1 66 44 15 99 17 52 51 46 4 31 58 81 34 86 13 94 78 49 56 70 20 32 59 90 83 14 25 95 39 80 26 60 77 41 37 6 98 91 29 30 79 76 40 0 38 18 71 63 82 9 74 73 69 84 12 7 65 23 50 35 27 16 89 68 8 3 19 54 87 85 61 2 47 88 93 57 64 28 21 96 62 11 43 33 92 97 24 5 72
TEST 6 ARG:3 66 81 77 14 51 0 15 63 72 90 60 68 88 37 16 96 35 71 22 33 69 70 49 98 42 10 6 62 92 75 95 89 13 2 27 20 97 78 65 58 56 43 52 5 24 85 25 18 34 30 17 47 9 61 36 67 91 74 1 93 59 26 53 41 39 87 73 79 38 50 46 84 82 7 45 40 86 55 12 48 4 32 64 54 23 44 31 94 19 57 11 99 8 76 29 21 28 80 83
TEST 7 ARG:37 78 39 51 65 3 23 24 83 73 58 21 7 50 61 4 42 32 17 48 76 80 12 81 98 63 67 41 44 97 35 25 59 45 36 64 68 60 92 90 40 49 11 91 26 82 70 13 96 28 27 22 31 5 30 77 62 2 55 15 18 71 52 6 87 14 8 66 29 43 46 86 72 93 94 0 79 88 89 57 95 10 20 84 34 19 38 33 99 56 16 69 1 54 9 85 47 75 74 53
TEST 8 ARG:78 1 65 40 56 69 37 70 51 34 2 81 75 63 72 29 9 12 71 28 77 61 66 76 18 27 95 30 24 62 15 64 96 7 42 79 36 90 97 33 19 53 3 84 16 22 21 6 23 25 55 43 86 13 89 5 92 85 38 47 54 60 59 14 26 74 87 32 99 50 80 31 45 98 49 58 93 73 10 68 39 0 82 44 11 83 46 91 57 41 4 52 48 94 17 67 88 20 8 35
TEST 9 ARG:24 46 70 55 3 78 59 25 10 14 5 19 65 42 97 84 23 96 28 34 67 8 57 81 7 2 38 91 60 54 86 69 63 20 41 56 4 89 27 77 64 21 95 85 39 87 90 50 36 49 47 26 44 80 16 18 13 22 45 51 43 61 62 83 76 12 79 17 0 93 66 68 52 31 9 40 75 11 15 71 98 73 1 6 48 72 92 35 99 37 88 33 74 32 30 82 58 53 29 94
TEST 10 ARG:89 51 49 16 71 69 92 68 60 77 47 52 42 27 99 55 1 24 98 88 91 22 36 43 44 30 94 41 12 59 62 33 32 96 86 21 28 57 5 13 37 87 31 95 61 10 54 97 45 83 34 70 75 90 48 26 17 29 46 9 74 58 19 14 73 80 93 53 18 81 84 38 2 6 7 67 39 64 40 78 25 85 0 4 79 50 56 8 65 76 15 3 82 63 66 11 72 35 23 20
TEST 11 ARG:41 26 92 16 15 99 94 44 32 12 57 42 63 98 43 87 3 13 11 39 56 4 90 37 96 65 19 27 5 47 53 33 29 67 21 82 70 2 77 48 20 36 18 93 10 30 66 91 28 80 22 9 54 95 75 51 78 68 76 59 55 46 52 84 6 72 49 25 86 31 88 61 14 8 85 83 1 73 34 62 69 97 23 74 45 40 58 71 50 79 60 24 17 81 35 7 0 89 38 64
TEST 12 ARG:19 66 92 86 2 77 35 87 22 18 53 85 49 46 96 5 94 76 31 80 91 25 1 97 4 83 56 16 12 52 11 81 33 13 90 47 38 75 44 30 59 99 65 60 95 98 74 88 61 93 70 50 63 40 9 14 39 24 17 72 57 20 84 89 42 15 26 28 0 48 8 23 21 32 3 71 10 82 69 68 34 37 51 55 6 27 67 73 58 54 79 7 29 64 41 45 36 43 62 78
TEST 13 ARG:94 77 52 27 41 74 80 9 12 97 51 61 93 85 84 19 78 96 10 7 35 5 43 24 75 4 88 69 3 36 0 64 58 44 54 91 37 57 45 11 48 25 99 50 65 66 15 42 76 34 90 79 63 40 21 46 56 82 49 87 16 55 83 1 92 47 71 22 53 68 30 39 28 73 23 95 2 17 26 31 38 59 72 60 81 89 14 8 20 62 86 13 70 98 67 32 29 33 6 18
TEST 14 ARG:31 46 49 17 9 75 11 84 79 28 52 3 55 30 18 85 99 63 70 35 88 73 78 72 98 68 71 47 14 77 95 64 40 53 82 87 29 2 13 92 93 38 42 89 34 59 8 62 76 48 96 12 32 60 65 80 83 15 54 19 57 16 25 41 4 6 33 5 51 10 81 58 69 0 23 45 44 50 43 90 86 56 21 7 97 61 1 39 66 91 94 26 67 24 20 37 74 27 22 36
TEST 15 ARG:67 2 18 64 49 9 33 93 5 48 56 28 1 45 96 85 89 60 76 15 86 8 26 58 34 25 39 77 3 10 21 98 11 52 41 37 40 80 14 81 44 74 72 55 17 30 43 97 95 83 12 22 63 31 84 16 47 79 75 57 7 27 88 13 65 94 92 35 71 73 23 4 70 68 51 36 82 19 90 62 99 66 59 32 0 91 20 53 50 29 69 87 38 54 46 24 42 78 6 61
TEST 16 ARG:90 40 65 64 72 22 25 83 4 85 46 30 88 93 98 39 7 37 57 35 38 42 62 16 31 12 69 45 55 28 50 29 8 10 67 79 73 52 11 87 53 26 76 96 17 54 63 41 48 92 74 95 18 24 68 81 36 70 13 6 2 49 86 97 80 3 77 43 15 89 14 21 91 78 23 0 5 1 58 27 99 20 60 75 9 84 56 19 32 71 33 66 44 94 47 51 34 82 59 61
TEST 17 ARG:60 62 54 99 75 92 3 13 34 23 85 90 45 32 53 11 80 38 37 7 73 5 79 66 67 78 81 39 28 24 86 27 70 21 88 35 15 4 98 42 59 1 8 46 12 65 64 84 55 68 91 96 74 95 76 36 61 93 89 25 33 30 41 20 40 94 49 6 19 77 44 82 0 72 51 16 58 71 43 22 56 69 83 9 10 29 87 57 47 48 17 50 31 97 63 26 52 2 18 14
TEST 18 ARG:87 78 15 9 40 16 94 80 35 60 44 10 38 50 89 42 28 27 81 46 51 36 29 37 75 8 31 82 12 76 4 53 85 58 11 2 79 3 95 61 39 34 70 64 68 21 0 25 18 93 99 14 23 91 24 55 97 62 47 57 32 13 83 22 77 5 20 71 73 86 65 66 26 69 48 72 7 88 96 59 67 1 33 56 41 98 74 30 92 52 90 43 63 54 6 19 84 45 49 17
TEST 19 ARG:49 42 97 52 53 45 40 58 89 12 47 18 81 15 54 87 77 50 66 84 24 95 71 2 61 44 25 59 51 14 31 85 62 56 37 20 72 5 21 30 43 16 73 94 82 57 41 55 1 86 76 7 46 80 28 17 35 60 98 10 69 23 39 79 67 11 32 34 96 22 29 99 38 48 9 63 91 75 33 0 64 90 70 4 36 8 93 26 6 68 27 19 3 88 65 92 13 78 74 83
TEST 20 ARG:49 9 42 40 68 82 71 25 3 2 91 58 32 94 52 17 43 15 72 13 88 36 19 97 10 47 18 90 99 73 57 37 62 74 54 16 24 14 26 29 27 35 65 48 87 34 5 89 20 66 41 75 12 81 64 22 46 80 45 95 33 70 11 79 44 38 85 86 76 55 59 50 0 7 31 63 69 6 83 60 61 30 8 53 78 92 21 28 56 51 67 84 77 96 1 4 98 39 93 23
TEST 21 ARG:50 91 59 18 96 65 97 94 84 61 78 19 9 40 79 58 53 47 39 17 46 66 3 98 34 2 30 63 35 38 22 56 73 5 23 15 44 7 16 82 48 88 75 95 90 13 74 26 4 99 14 77 10 11 0 52 70 83 28 36 64 8 69 60 67 86 49 43 93 20 81 24 32 54 29 45 71 55 41 87 25 33 31 27 85 6 89 37 12 72 51 92 68 1 57 76 62 80 21 42
TEST 22 ARG:57 41 76 69 37 46 5 23 10 19 38 15 30 68 86 36 98 16 67 66 63 89 6 27 77 96 84 4 7 54 60 78 73 42 17 39 1 26 44 88 59 24 25 20 58 62 18 50 71 95 13 94 53 74 49 28 56 97 70 81 64 85 3 83 40 9 35 92 32 48 51 52 91 8 0 21 33 93 14 90 79 80 11 22 72 2 29 43 65 75 12 55 99 45 87 61 82 47 34 31
TEST 23 ARG:3 34 52 93 96 80 4 0 36 49 54 10 33 46 90 37 70 89 27 5 99 59 62 35 40 19 98 30 79 28 21 45 86 81 57 95 12 82 1 75 76 31 66 83 20 74 61 85 56 6 7 44 43 32 55 41 16 18 38 39 91 69 77 68 72 9 64 15 84 25 24 48 60 92 14 17 67 23 94 53 13 63 97 58 87 65 42 8 26 29 47 11 22 88 50 71 2 73 78 51
TEST 24 ARG:66 22 31 21 41 62 90 71 99 47 45 46 44 91 7 33 4 19 43 79 83 18 28 63 16 98 86 48 1 53 3 95 40 68 24 0 88 29 75 8 10 2 20 15 65 49 32 70 82 34 12 64 80 73 56 36 55 39 38 6 87 94 69 13 84 51 93 76 61 57 81 72 42 52 67 23 60 96 27 14 26 89 35 25 30 5 17 77 9 11 92 97 74 85 54 50 58 59 37 78
TEST 25 ARG:28 66 12 83 64 55 20 79 2 40 41 13 54 75 92 25 73 97 39 4 18 24 33 85 59 42 34 31 0 14 32 23 99 45 58 38 77 76 87 26 29 61 27 56 46 37 72 68 70 69 9 19 43 10 62 6 88 8 48 60 65 49 84 57 3 11 52 81 22 50 98 74 7 82 67 36 89 35 86 5 80 90 95 47 51 15 17 63 53 78 71 91 1 21 96 30 44 93 94 16
TEST 26 ARG:43 60 70 3 8 18 73 38 80 67 68 77 54 87 40 98 32 47 95 46 66 35 4 29 28 58 20 19 44 91 9 83 31 0 11 41 12 33 92 36 82 61 22 63 89 30 2 72 26 65 14 13 45 69 96 94 7 56 37 62 34 81 25 84 27 79 1 85 6 64 42 74 90 86 88 23 51 97 53 50 15 16 39 76 49 93 21 71 75 24 99 59 17 78 48 10 57 5 52 55
TEST 27 ARG:58 32 61 27 20 68 87 31 71 30 12 55 10 23 48 24 73 66 35 63 76 79 78 5 15 43 26 65 54 84 94 29 69 97 46 80 4 77 85 51 62 25 34 16 0 72 52 9 13 14 41 19 89 83 33 96 88 8 7 64 70 67 36 90 1 45 53 42 44 22 75 11 40 91 82 57 60 92 59 6 81 39 37 21 74 28 50 18 49 99 38 47 93 3 17 86 95 98 2 56
TEST 28 ARG:69 93 29 89 14 58 16 7 65 70 46 95 59 76 24 0 42 22 83 23 40 35 1 3 27 28 17 4 34 9 18 52 85 53 50 63 39 99 64 87 77 51 5 96 78 37 20 90 38 97 30 19 57 11 79 91 47 6 25 36 21 54 71 68 49 33 10 88 82 32 45 86 8 15 26 60 72 62 67 31 92 55 80 66 94 73 81 43 75 56 12 61 13 98 84 74 48 41 2 44
TEST 29 ARG:7 9 41 84 14 73 64 79 65 6 22 77 89 32 90 45 1 11 52 82 24 51 3 80 4 12 53 37 33 93 26 74 72 46 97 75 87 5 28 55 91 85 58 76 23 70 35 78 94 19 25 92 61 21 56 42 57 18 17 96 49 98 27 0 66 50 36 20 54 15 86 67 31 68 43 60 48 30 95 44 88 69 38 29 16 2 63 34 13 59 39 47 83 62 71 40 10 99 8 81
TEST 30 ARG:98 45 99 63 53 26 61 38 14 10 54 74 32 75 40 96 9 73 48 28 3 4 44 18 55 79 70 93 27 12 8 17 46 43 36 84 64 65 66 6 91 62 85 52 89 30 72 34 87 13 78 5 33 95 23 11 67 76 42 24 7 58 56 83 82 41 68 39 22 20 25 19 60 47 49 15 69 31 57 80 21 0 2 59 1 77 51 97 86 29 94 88 50 92 71 35 81 90 37 16
TEST 31 ARG:24 59 38 89 4 47 32 57 58 28 81 29 98 95 27 2 22 15 14 66 16 20 49 65 52 0 83 31 18 11 69 3 94 39 93 25 92 30 17 42 67 13 91 73 6 61 46 86 34 99 71 55 35 53 37 82 8 21 1 51 40 74 5 12 80 48 64 50 96 88 70 33 76 77 63 43 36 41 56 26 9 45 87 23 54 78 79 72 10 75 7 62 85 19 68 60 44 97 84 90
TEST 32 ARG:4 3 39 49 52 56 50 63 65 46 72 0 95 26 77 54 23 13 34 9 80 21 17 67 86 11 30 35 96 75 51 18 31 37 83 14 94 69 82 85 20 2 61 25 81 44 91 92 22 8 74 10 19 60 90 73 43 45 16 70 89 7 58 41 55 5 99 24 42 29 6 38 97 48 87 68 59 47 93 28 78 27 66 36 1 79 71 88 57 32 40 64 15 12 33 76 84 98 53 62
TEST 33 ARG:55 86 87 71 23 95 3 26 73 83 72 89 12 36 64 27 24 99 11 25 81 41 78 20 31 45 2 50 43 37 61 91 49 35 46 8 28 19 62 10 70 69 59 68 54 52 92 57 58 4 66 48 5 7 76 13 30 65 88 90 21 42 98 80 38 79 18 33 39 56 96 51 34 85 93 32 22 29 63 67 0 94 74 16 47 14 84 82 97 15 60 17 44 75 77 40 9 53 6 1
TEST 34 ARG:73 36 6 27 15 30 77 72 76 1 90 97 52 26 5 46 35 34 41 4 39 66 19 47 50 37 21 2 45 56 14 95 99 42 57 88 65 75 60 71 69 22 91 9 86 32 61 38 93 87 82 70 94 55 84 58 12 98 23 92 68 11 81 8 53 0 85 29 62 44 74 18 13 33 59 20 64 31 51 24 43 78 40 89 54 28 3 7 10 80 49 79 25 48 67 96 63 17 16 83
TEST 35 ARG:41 52 0 53 87 28 24 60 9 94 10 26 57 75 55 81 39 13 82 18 92 15 22 48 99 71 54 83 40 62 31 12 96 11 1 74 4 16 64 97 84 80 29 98 8 70 66 86 44 72 34 20 42 79 47 23 58 46 43 19 78 14 93 3 65 56 7 76 91 63 5 32 45 51 21 95 69 90 2 61 33 36 59 30 25 68 50 27 77 49 67 6 38 17 73 85 89 37 88 35
TEST 36 ARG:63 88 2 85 55 28 20 35 49 17 72 15 52 31 21 24 6 3 68 99 47 27 37 7 13 71 77 14 53 45 25 74 19 97 59 43 81 56 60 94 8 1 10 33 26 0 96 46 76 98 87 44 50 86 16 58 69 95 30 32 42 12 51 80 73 38 84 11 57 9 75 65 41 93 48 83 23 40 62 89 18 5 82 67 36 79 61 92 78 70 39 34 54 64 90 29 4 22 66 91
TEST 37 ARG:75 49 99 61 16 20 38 65 59 56 15 28 76 39 89 44 11 96 21 2 40 45 41 64 97 91 74 24 30 54 29 47 66 50 78 72 88 18 46 90 85 26 19 81 27 33 98 1 53 68 4 35 32 71 36 8 6 93 79 77 52 63 80 14 62 69 82 70 22 34 25 10 86 0 57 37 12 3 51 55 7 67 92 42 13 84 43 5 60 73 48 31 23 95 94 9 17 83 58 87
TEST 38 ARG:83 0 49 99 31 89 30 13 9 10 51 40 96 8 69 26 65 62 50 67 84 73 24 57 76 39 3 7 52 29 85 66 21 71 55 91 90 25 47 48 11 42 86 75 16 22 17 77 18 98 95 56 46 15 35 2 6 32 70 27 97 59 61 36 58 20 88 68 87 74 33 41 64 43 44 78 14 63 94 12 38 53 92 54 79 28 37 4 60 1 82 23 80 5 81 34 45 72 19 93
TEST 39 ARG:90 11 59 8 10 78 83 21 32 72 35 61 9 34 54 26 81 0 80 65 97 95 39 89 67 79 36 60 19 33 62 46 12 99 29 82 64 31 16 14 22 24 63 27 76 28 56 3 53 40 38 49 74 48 68 20 43 91 50 18 98 17 2 92 37 6 4 94 85 77 66 15 93 88 96 7 55 51 75 23 41 5 84 30 71 57 45 52 73 13 87 25 44 42 70 47 1 58 69 86
TEST 40 ARG:0 21 31 71 53 23 55 42 17 67 73 35 79 2 54 97 38 74 40 8 7 98 78 6 46 76 90 56 34 63 99 47 61 82 72 4 80 92 43 50 85 16 91 77 33 14 93 83 13 68 20 25 69 89 28 22 10 70 45 44 75 57 12 66 27 60 96 48 18 19 81 49 58 52 5 29 59 1 88 32 11 62 9 51 95 30 94 84 87 65 15 26 37 36 86 3 39 41 24 64
TEST 41 ARG:10 58 66 11 86 93 97 68 21 71 15 96 43 91 25 77 30 2 31 74 34 92 0 23 6 22 87 52 27 16 61 44 26 41 49 4 88 32 12 38 36 37 39 79 24 42 63 67 65 50 81 40 83 3 99 85 62 94 76 19 8 45 60 1 80 18 78 48 28 47 72 7 9 5 69 82 90 89 55 35 33 59 46 14 57 20 17 84 70 56 64 29 54 51 53 13 75 98 95 73
TEST 42 ARG:98 15 1 34 30 2 88 99 22 23 92 4 57 44 46 42 91 60 93 70 11 12 84 5 31 29 6 54 38 68 64 47 56 49 20 82 33 43 90 61 3 48 16 79 14 67 95 40 73 45 52 81 13 94 36 89 69 59 9 77 78 32 62 76 8 10 26 24 21 41 28 75 71 58 86 85 87 97 55 25 39 96 17 74 27 83 65 0 51 80 66 7 63 50 72 37 53 35 19 18
TEST 43 ARG:75 28 48 1 76 93 96 38 98 50 22 70 59 41 17 25 8 73 55 82 21 15 45 88 4 47 54 27 90 49 35 89 56 60 80 94 2 18 91 42 69 14 58 97 66 65 11 67 26 79 87 29 92 62 99 74 46 83 40 36 68 39 86 43 33 63 37 71 3 85 64 0 72 52 31 16 44 24 51 84 30 9 53 6 23 12 20 81 7 78 10 32 77 13 61 19 95 57 5 34
TEST 44 ARG:6 31 57 74 99 47 8 38 53 91 42 56 89 12 27 34 95 60 10 50 37 69 15 41 24 43 66 88 81 97 14 17 55 77 25 28 92 67 1 48 62 20 73 11 65 64 29 7 72 16 2 85 3 63 5 4 78 23 59 18 93 87 98 61 51 90 33 79 35 22 13 49 82 32 19 26 75 54 80 44 83 71 36 0 52 40 9 84 46 76 30 70 86 68 94 39 96 21 45 58
TEST 45 ARG:24 42 1 14 0 34 38 94 61 59 37 76 39 96 48 2 79 45 63 95 55 32 41 83 89 6 27 92 57 26 78 93 30 73 16 21 66 90 3 54 72 67 12 91 52 9 64 20 86 69 10 17 85 71 40 19 80 8 44 29 62 33 31 47 11 43 60 82 56 98 13 84 25 58 7 49 5 51 99 35 74 88 97 81 65 4 22 77 75 87 15 53 28 70 23 46 36 18 50 68
TEST 46 ARG:84 78 65 5 32 4 73 77 45 29 9 28 15 83 70 46 38 56 26 10 52 75 23 3 30 94 7 11 71 96 19 14 6 12 17 47 81 90 74 93 85 43 89 60 49 39 53 8 82 27 2 13 97 59 41 80 54 16 0 64 98 37 50 48 24 34 40 87 88 95 69 99 18 66 33 51 20 57 72 35 21 36 31 55 79 44 62 68 76 22 58 91 63 42 86 1 67 25 92 61
TEST 47 ARG:90 87 48 81 13 41 77 91 19 38 17 89 52 45 63 98 79 94 5 95 7 47 29 55 82 88 25 58 2 28 30 75 72 62 70 27 24 33 85 3 15 23 80 42 16 76 74 26 6 31 65 73 67 14 11 49 64 18 12 50 46 68 9 71 20 84 34 40 99 69 59 97 37 83 10 32 56 1 35 93 36 57 86 54 51 39 78 8 66 61 0 21 60 22 44 53 92 43 96 4
TEST 48 ARG:6 32 79 33 78 48 76 17 29 99 66 27 92 93 16 58 43 41 51 62 89 53 60 13 97 87 39 15 54 98 31 30 64 95 4 37 2 45 65 20 46 59 23 96 38 5 12 57 1 61 80 72 18 24 52 25 7 68 63 75 0 19 47 86 71 11 40 56 74 67 14 3 26 34 8 44 84 73 55 42 21 22 94 35 77 28 90 85 88 91 70 10 50 82 83 9 49 36 81 69
TEST 49 ARG:82 29 24 61 52 80 73 56 98 68 1 21 6 42 89 95 50 66 25 79 93 76 27 88 71 3 69 77 94 87 20 34 85 7 11 26 18 44 13 0 72 41 43 47 36 51 35 32 75 62 45 53 63 39 70 99 97 19 38 10 15 57 9 64 31 46 86 2 91 4 37 23 17 65 84 60 33 16 59 54 28 22 55 96 92 49 81 5 30 48 58 8 12 14 40 90 83 74 78 67
TEST 50 ARG:90 34 77 5 7 20 22 24 15 38 95 62 87 91 97 9 51 0 54 92 14 47 27 39 76 65 43 72 32 31 80 37 33 21 88 68 96 53 13 99 28 44 52 6 85 16 41 30 11 66 98 93 57 89 84 83 59 69 35 3 55 94 56 64 36 46 71 78 74 26 1 2 81 18 75 42 49 48 23 45 25 67 40 10 63 79 19 60 70 73 61 58 50 82 12 17 8 86 4 29
TEST 51 ARG:53 83 3 89 35 18 60 7 65 73 32 15 6 96 64 51 74 41 50 63 61 81 28 42 62 1 29 77 36 84 44 52 54 90 19 56 87 16 99 70 31 23 20 95 59 10 4 68 24 38 93 91 72 58 30 34 39 47 57 85 12 45 98 27 49 33 79 2 69 71 94 22 66 17 25 80 92 5 48 13 88 0 55 97 8 9 82 11 67 78 76 21 26 46 14 86 75 43 37 40
